000 160 440 128 256 0.645294
000 320 400 128 256 1.058250
000 320 560 128 256 0.954301
000 500 520 128 256 0.848718
000 540 0 128 256 0.537715
001 220 480 128 256 0.542332
001 200 80 256 512 0.833728
001 380 280 128 256 0.530669
002 280 320 128 256 0.581921
004 660 40 128 256 0.521143
005 740 0 128 256 0.619559
005 200 100 320 640 1.105720
006 520 80 256 512 0.537859
007 300 300 192 384 1.874442
007 420 0 384 768 0.592564
007 440 160 256 512 0.773453
008 200 40 128 256 0.561197
009 60 60 192 384 0.764329
010 120 120 128 256 0.662927
010 150 300 192 384 0.502137
011 500 360 128 256 0.840903
011 580 160 128 256 1.346621
012 450 60 192 384 0.543493
013 340 440 128 256 0.537693
014 180 180 192 384 1.303880
017 570 240 192 384 0.577455
018 300 280 128 256 0.936730
018 510 300 192 384 1.070920
018 560 40 128 256 0.540412
019 120 280 128 256 0.656728
019 280 80 256 512 0.816661
019 300 120 192 384 1.058140
019 380 360 128 256 1.083244
020 270 60 192 384 0.845506
020 460 0 128 256 0.558632
021 120 160 256 512 0.917222
021 200 0 256 512 0.731789
022 90 120 192 384 0.591106
027 120 120 128 256 1.275151
027 180 280 128 256 0.506949
028 120 240 192 384 1.002590
029 200 80 128 256 1.132850
031 140 360 128 256 1.303992
032 120 200 128 256 0.789014
033 90 240 192 384 1.073532
033 120 280 128 256 0.556763
033 180 360 128 256 0.801140
035 150 60 192 384 0.699539
036 160 200 128 256 0.913395
037 280 200 128 256 0.610958
042 240 200 128 256 0.925910
043 400 40 128 256 1.117165
046 220 80 128 256 0.591845
046 260 200 128 256 1.236957
048 150 120 192 384 1.172181
048 210 0 192 384 0.767779
050 120 180 192 384 0.746665
050 220 360 128 256 0.658375
052 300 40 128 256 0.959064
053 280 80 128 256 0.740909
054 180 200 128 256 0.961372
055 220 40 128 256 1.424686
056 280 40 128 256 0.604653
057 100 40 128 256 0.570800
057 200 40 128 256 1.319349
058 340 160 128 256 0.966446
059 280 200 128 256 0.550100
059 280 40 128 256 0.645139
059 360 160 128 256 0.630289
061 280 120 128 256 0.581627
061 320 40 128 256 0.726815
061 460 40 128 256 0.765148
062 280 40 128 256 0.833186
063 220 40 128 256 1.327053
063 280 200 128 256 0.691839
064 200 120 128 256 0.502030
065 320 80 128 256 0.926821
066 240 80 128 256 0.938198
067 160 80 128 256 1.164466
068 60 0 128 256 0.601551
069 240 80 128 256 0.725684
070 300 80 128 256 0.755223
071 260 80 128 256 0.854274
071 340 200 128 256 0.996626
072 200 0 128 256 0.759579
072 260 120 128 256 0.798560
073 240 120 128 256 1.073994
074 180 80 128 256 0.653753
075 240 40 128 256 0.763361
076 260 80 128 256 1.099864
077 260 80 128 256 0.761271
078 220 40 128 256 0.818541
079 240 40 128 256 0.596113
081 200 40 128 256 0.699903
082 360 40 128 256 1.295798
083 280 120 128 256 0.745610
088 140 40 128 256 0.633186
088 260 160 128 256 1.266842
088 360 80 128 256 0.543989
089 220 80 128 256 1.147918
089 340 200 128 256 0.641248
090 260 120 128 256 0.841682
090 320 160 128 256 0.637764
091 100 160 128 256 0.549373
091 220 0 128 256 0.657780
091 260 120 128 256 1.457091
092 320 40 128 256 0.769717
093 200 80 128 256 1.093922
094 100 0 128 256 1.283557
094 140 120 128 256 0.538847
096 320 0 128 256 0.564897
097 160 200 128 256 0.671684
097 220 40 128 256 0.759477
097 280 120 128 256 0.782502
098 280 80 128 256 1.153650
099 200 0 128 256 0.623024
100 220 0 128 256 0.578019
101 40 200 128 256 0.509006
103 60 80 128 256 0.510927
103 180 160 128 256 0.800327
103 300 40 128 256 0.875634
106 220 40 128 256 0.629858
107 320 0 128 256 0.625355
108 100 160 128 256 0.515217
108 240 200 128 256 1.669763
