001 178 154 135 314
002 175 204 224 522
003 307 274 209 486
004 247 169 294 684
005 334 307 181 420
006 249 330 142 331
007 160 254 302 702
008 175 194 332 772
009 166 168 335 780
010 226 264 287 668
011 359 119 300 698
012 293 359 262 609
013 300 297 197 458
014 309 227 257 597
015 309 307 187 436
016 297 250 175 406
017 305 226 240 559
018 309 244 306 712
019 288 240 211 491
020 173 205 329 765
021 215 277 196 446
022 232 196 247 574
023 84 201 286 665
024 174 135 82 190
025 154 172 58 134
026 164 137 92 213
027 240 207 132 308
028 164 171 82 191
029 182 250 293 681
030 229 189 107 249
031 260 249 282 656
032 152 276 299 695
033 227 178 203 471
034 216 171 179 416
035 201 179 262 609
036 208 250 173 402
037 224 217 263 611
038 239 189 264 615
039 205 178 309 718
040 232 194 89 204
041 221 218 192 446
042 171 177 117 271
043 204 130 126 293
044 200 256 94 219
045 78 165 43 100
046 188 244 240 557
047 172 174 129 299
048 140 138 83 193
049 148 222 171 397
050 183 183 128 297
051 227 218 215 500
052 163 75 54 125
053 258 241 243 566
054 234 187 327 760
055 263 254 65 152
056 277 161 347 806
057 165 169 335 778
058 147 203 250 582
059 105 70 45 104
060 206 191 267 622
061 208 279 169 394
062 137 154 170 396
063 157 105 88 205
064 142 148 169 394
065 188 208 191 445
066 165 237 258 601
067 166 104 200 464
068 89 240 148 345
069 218 193 145 337
070 203 168 133 309
071 177 173 153 355
072 178 143 131 305
073 143 139 145 337
074 210 157 138 322
075 175 155 233 541
076 215 194 230 535
077 268 116 295 687
078 156 134 152 354
079 1 142 267 621
080 201 168 163 378
081 199 149 141 328
082 179 141 134 312
083 158 138 212 493
084 151 101 105 245
085 145 212 172 400
086 172 178 152 353
087 45 121 57 133
088 101 108 53 124
089 202 141 53 123
090 183 220 239 556
091 160 231 134 311
092 204 224 233 541
093 97 136 67 156
094 542 205 239 555
095 224 249 221 513
096 424 226 55 129
097 243 156 81 189
098 213 180 169 393
099 182 184 135 313
100 207 147 112 260
101 96 98 63 147
102 134 196 220 511
103 58 179 52 121
104 112 32 357 831
105 88 90 43 100
106 212 241 231 538
107 211 184 295 685
108 174 49 310 722
109 29 222 256 596
110 280 230 196 455
111 294 298 160 372
112 159 167 108 250
113 34 239 230 534
114 331 320 153 371
115 320 163 84 195
116 315 190 129 301
117 225 270 123 287
118 298 286 130 303
119 137 120 44 103
120 269 225 246 573
121 80 164 214 497
122 131 81 54 126
123 158 144 75 175
124 255 165 276 641
125 127 183 139 323
126 18 167 264 613
127 261 296 210 488
128 229 267 219 509
129 215 174 131 305
130 214 204 223 518
131 204 302 129 299
132 148 222 166 387
133 57 95 98 227
134 73 103 28 66
135 109 133 266 619
136 92 83 41 96
137 113 171 163 380
138 126 114 49 113
139 85 89 48 112
140 209 192 127 295
141 118 131 70 162
142 53 152 75 174
143 135 103 43 101
144 144 155 128 298
145 90 84 47 110
146 182 170 65 151
147 192 127 224 520
148 154 101 214 497
149 56 41 255 593
150 129 125 114 264
151 286 216 55 129
152 200 168 85 197
153 215 222 67 155
154 222 270 58 134
155 245 71 84 195
156 279 137 126 294
157 311 100 143 332
158 364 172 65 152
159 202 109 95 221
160 89 227 53 123
161 422 117 89 207
162 201 189 74 173
163 248 220 59 137
164 175 159 135 315
165 225 44 156 363
166 330 116 106 247
167 276 185 50 116
168 243 38 162 376
169 278 166 89 206
170 292 138 111 258
171 312 166 71 164
172 486 110 67 155
173 294 173 66 154
174 349 179 51 118
175 299 124 73 170
176 184 73 149 347
177 87 63 244 568
178 243 37 187 436
179 361 119 89 206
180 304 114 86 200
181 268 104 122 284
182 333 112 88 204
183 247 37 169 341
184 248 53 168 332
185 209 42 204 400
186 193 2 206 370
187 190 39 185 337
188 269 1 132 382
189 207 5 258 378
190 193 2 186 362
191 176 6 193 365
192 247 146 104 227
193 215 51 124 376
194 254 56 143 398
195 259 38 169 431
196 216 56 161 355
197 235 51 155 376
198 167 44 151 396
199 217 38 175 399
200 235 41 116 308
